0 2
0 3
0 4
1 0
1 1
1 15
2 15
3 0
3 4
3 7
4 5
4 7
4 15
5 7
6 7
6 14
7 3
7 4
7 7
8 7
9 7
9 16
10 5
10 15
11 5
11 15
12 4
13 7
13 13
14 7
15 4
15 13
16 0
16 4
16 5
16 10
16 15
17 7
18 7
19 7
19 13
20 0
20 1
20 4
20 11
20 15
21 0
21 7
21 16
22 7
22 15
23 0
23 1
23 5
24 4
25 4
26 0
27 0
27 7
27 15
28 0
28 1
28 4
28 5
29 7
30 7
30 15
30 16
31 6
32 0
32 13
32 15
33 4
33 7
34 1
34 3
34 7
35 7
35 13
36 7
37 14
37 15
38 0
38 5
38 14
39 4
40 4
41 4
42 7
42 15
43 7
43 15
44 4
44 7
45 7
46 4
46 7
47 6
48 4
48 13
49 0
49 1
49 13
49 14
49 16
50 7
50 13
50 16
50 17
51 7
52 0
52 15
53 0
53 7
53 15
54 5
54 7
54 13
54 15
55 5
55 7
56 7
57 7
58 7
59 7
60 7
61 0
61 1
61 14
62 3
62 4
63 7
64 4
64 7
65 4
65 13
66 4
67 0
67 13
67 15
68 4
68 13
68 16
69 4
69 13
70 2
70 3
70 11
71 4
71 5
71 8
72 0
72 4
72 17
73 0
73 4
73 7
74 6
75 5
75 7
76 7
76 15
77 1
77 3
77 7
78 0
78 15
79 0
79 4
79 16
80 4
80 13
81 0
81 1
81 14
82 4
82 13
83 10
83 14
84 4
85 7
86 7
87 4
87 13
88 9
88 14
89 4
89 13
89 15
90 3
90 4
90 11
91 0
91 5
91 13
92 4
92 7
93 3
93 4
94 2
94 3
94 4
94 11
95 0
95 14
95 15
96 1
96 7
96 17
97 7
97 15
98 2
98 3
98 11
99 5
99 7
99 15
100 0
100 1
100 2
100 10
100 14
101 2
101 3
102 2
102 3
102 11
103 4
104 4
105 7
105 15
106 7
107 4
108 4
108 14
109 0
109 1
109 4
109 16
110 4
110 13
111 1
111 3
112 7
113 2
114 6
115 4
116 0
116 1
116 15
117 0
117 1
117 15
118 6
119 4
119 5
120 0
120 14
120 16
121 4
122 4
122 10
123 7
123 12
124 7
124 13
125 7
126 0
126 5
126 7
127 0
127 15
128 5
128 7
128 13
128 15
129 5
130 7
130 13
131 1
131 3
131 7
131 11
132 7
132 13
132 16
133 7
134 7
134 12
134 14
134 15
135 7
136 7
137 3
137 4
138 3
138 4
139 1
139 3
140 1
140 3
140 8
140 14
141 1
141 3
141 11
142 11
143 0
143 15
144 0
144 14
144 15
145 7
146 0
146 15
147 0
147 1
148 7
149 4
149 7
150 1
150 3
150 4
151 4
151 14
152 4
153 4
154 11
154 13
155 5
155 15
156 7
156 16
157 4
158 12
158 15
159 7
160 0
160 13
161 7
162 4
163 0
163 1
163 14
163 15
164 7
165 7
166 4
167 4
168 2
168 4
169 4
169 7
169 13
170 4
170 14
171 0
171 1
171 7
171 13
171 14
171 16
172 0
172 1
172 4
172 13
173 0
173 1
174 14
175 0
175 14
175 15
175 16
176 0
176 17
177 7
178 14
179 7
179 16
180 0
180 1
180 13
180 14
180 16
181 5
181 7
182 0
182 10
182 14
182 15
183 0
183 1
183 4
183 10
183 14
184 10
184 13
184 15
185 0
185 4
185 11
186 0
186 5
186 7
187 0
187 7
187 16
188 2
188 4
189 7
189 16
190 7
190 12
191 7
192 7
193 4
193 5
194 0
194 14
194 15
195 7
196 7
196 13
197 15
198 7
198 16
199 10
200 0
200 1
200 4
200 10
201 4
201 13
202 17
203 4
203 14
204 7
204 16
205 1
205 2
205 14
205 15
206 0
206 7
206 13
207 4
207 10
208 4
208 7
208 11
209 0
209 1
210 4
210 16
211 7
212 7
212 13
213 7
213 11
213 16
214 7
215 4
215 13
216 10
216 13
217 15
218 10
219 4
219 13
220 7
221 0
221 1
221 14
222 7
222 15
223 7
224 3
224 4
225 0
225 15
226 0
226 1
226 14
227 0
227 1
227 14
228 0
228 1
228 14
229 0
229 1
229 14
230 0
230 1
230 4
230 5
231 0
231 4
231 17
232 0
233 0
233 10
234 0
234 4
234 14
234 16
235 4
235 7
236 7
236 13
237 4
238 5
238 7
238 14
239 2
239 4
240 0
240 13
240 16
241 4
242 3
242 4
243 0
243 7
243 15
244 0
244 7
244 15
244 16
245 7
245 13
246 0
246 1
246 3
247 4
247 5
248 4
249 0
249 14
250 4
251 0
251 1
251 14
251 15
252 7
252 13
253 0
253 1
253 5
254 4
254 13
255 4
255 13
256 0
256 1
256 4
256 14
257 7
257 14
258 3
258 4
259 0
259 12
259 14
259 15
260 3
260 4
261 7
262 0
263 14
263 15
264 0
264 15
265 0
265 1
267 7
267 13
268 4
269 7
269 14
269 15
270 0
270 1
270 14
270 16
271 7
272 0
272 5
272 15
273 4
273 13
274 7
274 13
275 7
275 13
276 7
277 7
277 13
278 7
279 7
279 13
280 0
280 15
281 7
282 7
282 13
283 4
283 13
284 7
285 7
285 13
285 16
286 7
287 10
287 15
288 7
288 11
289 4
290 12
290 15
291 7
292 5
292 7
293 4
294 0
294 15
295 7
296 7
297 0
297 14
297 15
298 5
298 7
298 9
299 0
299 15
300 4
301 5
301 9
301 12
301 15
302 7
303 1
303 3
304 7
305 7
305 13
306 5
306 10
306 12
306 15
307 3
307 7
307 8
308 5
309 7
310 7
310 13
310 15
311 4
311 5
311 7
311 12
312 0
312 7
312 13
313 0
313 3
314 7
314 15
315 4
315 7
316 7
317 7
317 16
318 4
318 11
318 13
319 6
320 4
321 12
321 15
322 0
322 15
323 12
324 7
324 15
325 0
325 7
325 16
326 5
326 7
326 12
327 0
327 12
327 13
327 15
328 5
328 7
328 15
329 7
330 1
330 15
331 5
331 7
331 15
332 12
332 15
333 0
333 5
333 12
334 4
335 5
335 15
336 4
336 7
336 15
337 4
338 0
338 7
339 7
340 4
341 4
341 12
342 0
342 10
342 14
343 7
344 4
344 7
345 5
345 7
346 4
346 7
347 5
347 7
347 15
348 0
348 15
349 0
349 12
349 15
350 10
351 4
351 11
352 0
352 10
352 14
353 4
353 13
354 1
354 14
354 15
355 7
355 12
355 15
356 7
357 0
357 1
357 14
357 15
358 15
359 6
360 5
360 15
361 0
361 4
361 11
362 0
363 4
364 7
365 7
366 4
367 4
368 4
369 7
369 15
370 7
370 13
371 4
372 0
372 1
372 14
373 0
373 3
374 7
375 4
376 3
376 4
377 7
378 10
379 0
379 1
379 14
380 4
380 13
381 4
381 7
382 3
382 4
383 4
384 0
384 1
384 4
384 13
385 4
386 7
387 0
387 4
388 1
388 3
389 4
390 0
390 4
391 7
392 4
393 4
393 12
393 13
394 4
395 4
395 5
395 10
396 0
397 0
397 1
397 3
397 14
398 0
398 1
398 4
399 3
399 4
400 4
401 4
401 13
401 15
402 0
402 1
402 5
402 7
403 2
403 3
404 0
404 1
404 12
405 10
405 15
406 4
407 2
407 4
407 15
408 4
408 7
409 4
410 4
410 8
410 13
410 14
411 4
412 10
413 4
414 3
414 4
414 17
415 3
415 7
416 3
416 7
417 2
417 3
417 11
418 3
418 4
418 11
419 2
419 3
419 11
420 7
420 13
421 2
421 3
421 4
422 3
422 7
422 8
422 14
423 10
424 4
425 0
425 2
425 3
425 14
425 15
425 16
426 7
427 4
428 7
428 14
429 4
429 16
430 0
430 1
431 2
431 3
431 11
432 4
433 14
434 0
434 4
434 17
435 10
436 10
437 10
438 10
439 10
440 10
441 10
442 10
443 10
443 14
444 10
445 10
446 10
447 10
448 0
448 1
448 14
449 0
449 1
449 14
450 4
450 11
450 13
451 0
451 10
452 0
452 10
453 7
454 0
455 0
455 4
456 1
456 3
456 7
457 7
458 7
459 7
460 7
461 7
461 13
462 1
463 7
464 1
464 3
464 13
465 15
466 7
467 7
468 7
469 17
470 7
470 16
471 0
471 1
471 8
472 2
472 3
472 11
473 14
473 16
474 7
475 4
476 3
476 4
477 4
477 13
478 12
478 15
479 4
479 15
480 4
480 7
481 4
481 5
482 7
482 13
482 16
483 9
483 12
484 11
484 13
485 4
485 13
486 4
486 13
487 9
488 9
488 13
488 15
489 4
489 13
489 15
490 0
490 1
491 7
492 12
493 4
494 1
494 4
495 7
496 4
497 0
497 1
497 13
497 16
498 7
499 1
499 3
500 2
500 3
500 11
501 4
501 16
502 7
503 5
503 7
504 12
504 15
505 7
506 7
507 7
508 7
509 0
509 7
509 17
510 1
510 16
511 4
511 7
511 13
512 12
512 15
513 4
513 13
514 0
514 7
514 16
515 4
516 4
516 7
516 13
517 7
518 1
519 1
519 16
520 7
520 16
521 4
521 7
522 4
522 7
523 4
524 9
524 12
525 0
525 1
525 7
526 7
527 7
527 16
528 7
529 1
530 7
530 13
531 13
532 12
533 7
534 4
534 13
535 7
536 7
537 2
537 3
537 11
538 3
538 4
539 0
540 0
540 1
541 2
541 3
541 11
541 13
542 7
542 11
543 5
543 7
543 13
544 4
544 13
545 0
545 15
546 5
547 3
547 8
548 7
548 13
548 16
549 0
549 15
550 10
551 14
552 7
552 13
553 0
553 1
554 7
555 17
556 7
556 11
557 7
557 8
557 15
558 7
558 10
559 1
559 3
559 4
559 8
559 13
559 14
560 7
560 10
561 0
561 1
561 17
562 10
563 4
563 10
564 10
564 15
565 0
565 1
565 15
566 10
567 0
567 13
567 15
568 7
568 10
569 17
570 4
570 15
571 0
571 15
572 10
572 14
572 15
573 12
573 13
573 15
574 4
574 17
575 0
575 1
575 5
576 4
576 14
577 0
577 14
578 4
579 4
579 13
580 7
580 15
581 7
581 13
582 5
582 15
583 3
583 7
584 4
585 0
586 7
586 12
587 2
587 3
587 11
588 17
589 0
589 10
589 14
590 7
590 15
591 12
591 15
592 16
593 7
593 13
594 15
595 2
595 3
595 11
596 0
596 15
597 4
597 7
598 0
599 3
600 1
600 16
601 11
601 13
602 12
602 15
603 4
604 11
605 7
606 13
606 15
607 12
607 13
607 15
608 4
609 11
610 5
610 9
610 12
611 7
612 4
613 7
614 15
615 10
615 14
616 7
617 7
618 7
618 15
619 7
620 17
621 1
621 3
622 3
622 4
623 2
623 3
623 11
624 2
624 3
625 3
625 7
626 7
627 5
627 7
628 4
628 11
629 4
629 11
630 0
630 7
630 13
630 16
631 7
632 7
633 6
634 10
635 0
635 1
635 14
635 15
636 4
636 10
637 7
638 7
639 7
640 7
640 16
641 5
641 7
641 9
642 7
642 13
643 6
644 6
645 17
646 7
646 16
647 4
647 13
648 5
648 7
648 15
649 7
650 0
650 7
650 16
651 4
651 7
652 5
652 9
652 15
653 9
653 12
653 15
654 1
654 4
654 7
655 5
655 9
655 15
656 9
656 15
657 7
658 4
658 12
658 15
659 7
660 17
661 7
661 13
662 4
663 7
664 0
664 10
664 14
664 15
665 10
666 10
667 0
667 10
668 10
669 10
669 14
669 15
670 10
671 10
672 9
672 15
673 10
674 10
675 7
676 6
677 7
677 15
678 0
678 1
679 0
679 1
680 10
681 10
681 12
681 15
682 4
683 0
683 15
684 0
684 15
685 0
685 7
686 4
686 16
687 4
688 0
688 15
689 7
689 16
690 9
690 14
690 15
691 4
691 7
691 13
692 7
693 13
694 4
694 7
695 7
695 15
696 7
697 7
698 7
699 4
700 6
701 4
701 13
702 7
703 7
703 13
704 11
704 13
705 10
706 7
707 7
708 4
708 13
709 4
710 7
711 4
711 7
712 7
713 7
713 13
714 4
714 7
715 7
715 13
716 7
716 15
717 4
718 4
718 16
719 0
719 1
719 7
719 13
720 4
721 4
722 4
722 7
723 7
723 13
724 4
725 3
725 7
726 7
726 13
727 4
727 14
728 7
729 7
729 13
730 4
730 7
730 13
731 4
731 13
732 7
732 13
733 4
734 7
735 7
735 13
736 4
736 7
737 4
737 13
738 4
738 13
739 7
739 13
740 7
740 15
741 7
741 15
742 0
742 15
743 7
743 16
744 4
745 4
746 4
746 13
747 0
747 13
747 15
748 4
748 13
749 7
750 0
750 13
750 15
751 0
751 15
752 7
753 5
753 15
754 0
754 1
754 3
754 8
754 14
755 4
756 6
757 14
757 15
758 0
759 14
760 0
760 15
761 7
762 4
763 4
763 13
764 4
764 13
765 6
766 10
767 1
767 3
768 0
768 1
768 12
768 14
769 5
769 9
769 12
769 15
770 0
770 14
770 15
771 7
772 15
773 10
774 4
774 7
774 13
775 7
776 10
777 4
777 7
777 13
778 0
779 4
780 4
780 13
781 7
782 4
782 13
783 7
783 10
784 4
784 13
785 4
785 13
786 4
786 7
787 10
787 15
788 4
788 7
789 4
790 3
791 4
792 4
793 7
793 13
794 3
794 4
795 4
795 13
796 0
796 14
797 0
798 7
799 10
799 15
800 4
801 0
801 1
801 5
801 15
802 0
802 7
802 16
803 4
804 4
804 12
805 0
805 5
805 7
806 7
807 0
807 7
808 0
808 7
808 12
809 0
810 6
811 1
811 3
812 6
813 6
814 7
814 13
815 10
816 7
817 4
818 4
819 1
819 2
819 3
819 4
819 8
820 4
820 13
821 7
822 5
822 9
822 15
823 4
824 0
824 14
824 15
825 1
826 0
826 1
826 15
827 1
827 3
828 0
828 1
829 0
829 12
829 15
830 0
830 1
830 14
830 15
831 3
831 7
831 8
832 0
833 10
833 15
834 4
834 11
834 13
835 4
835 13
836 7
837 0
838 10
838 15
839 0
839 7
839 17
840 0
840 15
841 3
841 4
841 7
842 3
842 4
843 5
844 4
845 7
845 13
846 6
846 7
847 9
847 15
848 0
848 13
849 6
850 7
851 7
851 15
852 4
852 10
853 4
853 10
854 0
854 7
854 12
854 13
854 15
855 4
855 7
856 6
857 10
858 4
858 10
859 10
859 15
860 10
861 1
861 3
861 4
862 7
863 4
864 7
865 4
865 13
866 7
867 7
868 4
868 13
869 13
870 4
871 13
872 4
872 13
873 7
874 7
874 13
875 0
875 4
876 1
876 13
877 3
877 4
877 12
878 0
878 15
878 16
879 7
880 0
880 4
881 7
882 7
883 6
884 10
885 13
885 15
886 7
887 7
888 13
889 0
889 1
890 7
890 16
891 3
891 4
891 8
892 4
893 3
893 4
894 10
894 15
895 7
896 0
896 1
896 14
897 7
898 7
899 7
900 4
901 4
901 5
901 12
901 15
902 7
902 13
903 4
903 7
904 7
904 13
905 7
905 13
906 4
907 4
908 7
909 7
910 5
910 7
911 0
911 15
912 4
913 5
913 7
913 12
913 15
914 7
915 0
915 14
915 15
916 0
916 7
916 15
917 13
918 1
918 14
919 7
920 7
920 13
921 17
922 7
923 1
923 7
924 14
924 15
925 4
926 7
927 7
927 10
928 3
928 4
929 0
929 1
929 15
930 14
930 15
931 3
931 4
932 7
933 7
934 7
934 16
935 4
935 7
935 13
936 7
937 4
937 13
938 7
938 15
939 4
940 4
940 7
941 7
942 15
943 4
943 7
943 16
944 4
944 12
944 13
944 15
945 2
945 3
946 1
946 13
947 4
947 13
948 7
948 13
949 7
950 1
950 3
950 8
951 4
952 4
952 7
953 6
954 7
954 13
955 7
956 4
957 7
958 4
959 7
960 7
961 7
962 7
962 15
963 4
963 7
964 4
964 11
965 13
966 7
967 11
968 2
968 3
969 4
970 4
970 16
971 7
972 6
973 7
973 15
974 15
975 0
975 14
975 15
976 0
977 12
977 15
978 7
978 15
979 7
980 7
981 0
981 1
981 15
982 15
983 15
984 7
985 15
986 15
987 4
987 13
988 2
988 3
988 11
989 7
989 13
990 5
991 4
991 15
992 1
992 2
992 3
992 4
992 11
993 7
994 4
995 3
995 4
996 4
997 4
998 4
999 4
999 17
1000 4
1001 4
1002 3
1002 4
1002 12
1003 7
1003 17
1004 7
1005 7
1005 14
1006 4
1007 7
1008 7
1009 7
1010 5
1011 4
1011 7
1012 0
1012 1
1012 15
1013 4
1014 3
1014 7
1015 0
1015 1
1015 15
1016 7
1017 7
1018 0
1018 15
1019 12
1019 15
1020 7
1021 6
1022 4
1023 13
1024 0
1024 7
1024 15
1025 4
1025 7
1026 0
1027 4
1027 13
1028 4
1029 4
1030 1
1030 3
1031 3
1031 4
1032 1
1032 3
1033 0
1033 1
1034 4
1035 4
1035 8
1036 4
1036 11
1036 13
1037 15
1038 7
1039 4
1039 13
1040 4
1040 13
1041 12
1041 15
1042 4
1043 4
1043 7
1044 7
1045 15
1046 4
1047 4
1047 13
1048 4
1049 7
1049 13
1050 4
1051 4
1051 10
1052 7
1053 4
1054 7
1055 10
1056 4
1057 1
1057 7
1058 4
1059 1
1059 3
1060 4
1060 7
1061 7
1062 3
1062 7
1063 5
1063 9
1064 6
1064 16
1065 2
1065 3
1066 4
1067 7
1068 5
1068 7
1068 15
1069 4
1070 4
1071 4
1071 13
1072 15
1073 4
1073 7
1074 7
1075 0
1075 1
1075 2
1075 3
1075 8
1076 15
1077 2
1077 3
1078 4
1078 11
1079 4
1080 5
1081 7
1082 5
1082 15
1083 6
1084 7
1084 13
1085 7
1086 0
1087 0
1088 0
1088 13
1088 15
1089 15
1090 1
1090 2
1090 3
1090 11
1091 4
1092 4
1093 4
1094 4
1095 13
1096 7
1097 4
1098 7
1099 4
1099 7
1099 13
1100 7
1100 12
1101 4
1101 13
1102 4
1102 7
1103 4
1103 5
1103 7
1104 0
1104 1
1104 15
1105 5
1105 7
1106 7
1107 7
1108 7
1108 15
1109 0
1109 4
1109 11
1109 14
1110 7
1111 7
1112 7
1113 4
1114 4
1114 7
1114 13
1115 1
1116 7
1117 4
1118 7
1118 13
1119 4
1120 7
1120 11
1121 5
1121 7
1122 7
1123 13
1123 16
1124 15
1125 1
1125 7
1126 7
1127 6
1128 7
1128 12
1128 13
1129 6
1130 15
1131 7
1131 13
1132 1
1132 3
1132 8
1133 7
1134 7
1134 11
1135 7
1136 7
1136 13
1137 0
1137 4
1137 5
1137 7
1138 0
1138 5
1138 15
1139 4
1140 6
1141 6
1142 5
1142 15
1143 7
1144 7
1145 7
1146 7
1147 7
1148 7
1149 7
1150 5
1151 13
1151 16
1152 7
1152 11
1153 14
1154 4
1154 13
1155 5
1155 7
1156 10
1157 7
1158 12
1158 14
1159 7
1159 13
1160 0
1160 7
1161 4
1162 7
1163 3
1164 4
1164 7
1165 4
1166 4
1167 7
1168 7
1169 4
1169 7
1170 7
1171 4
1172 7
1172 13
1173 7
1173 15
1174 13
1175 7
1175 16
1176 4
1177 4
1178 4
1179 0
1179 4
1180 0
1180 4
1181 4
1182 0
1182 4
1183 6
1184 4
1184 16
1185 4
1185 7
1186 5
1187 0
1187 4
1187 17
1188 7
1189 4
1189 13
1190 5
1190 7
1191 7
1192 7
1193 5
1193 7
1194 7
1195 7
1196 4
1196 7
1197 5
1197 15
1198 4
1198 10
1199 3
1199 7
1200 6
1201 4
1202 4
1202 11
1202 13
1203 4
1203 7
1203 16
1204 7
1205 4
1206 15
1207 5
1207 7
1207 15
1208 4
1209 14
1209 15
1210 7
1210 13
1211 7
1211 12
1211 13
1212 5
1212 7
1212 15
1213 7
1214 0
1214 14
1215 13
1216 15
1217 4
1218 2
1218 3
1218 4
1218 13
1219 7
1220 7
1221 0
1222 7
1223 7
1224 4
1225 5
1225 7
1226 7
1227 0
1228 7
1228 15
1229 4
1230 0
1230 7
1231 6
1232 7
1233 4
1234 5
1235 7
1236 4
1236 7
1237 7
1238 0
1238 1
1238 13
1239 2
1239 14
1240 4
1240 7
1241 4
1242 10
1243 0
1244 5
1245 4
1246 17
1247 15
1248 4
1249 0
1250 4
1251 7
1252 15
1253 4
1254 7
1255 7
1256 7
1257 4
1257 13
1258 4
1258 13
1259 7
1260 7
1261 13
1262 7
1263 7
1264 7
1265 7
1266 7
1267 7
1268 4
1268 13
1269 4
1270 4
1271 4
1271 7
1272 7
1272 15
1273 14
1273 15
1274 15
1275 7
1276 0
1276 5
1277 7
1277 11
1278 1
1278 3
1279 5
1280 7
1281 7
1282 4
1283 7
1283 12
1284 7
1285 4
1285 11
1285 13
1286 4
1287 4
1288 13
1289 7
1289 13
1290 4
1291 3
1291 8
1292 1
1292 3
1292 8
1292 14
1293 6
1294 4
1294 7
1295 4
1295 7
1296 7
1296 13
1297 4
1297 11
1298 7
1298 13
1299 7
1299 13
1300 4
1301 4
1302 0
1303 0
1303 5
1304 4
1305 7
1306 6
1307 4
1307 7
1308 7
1309 7
1310 4
1310 7
1311 4
1311 7
1312 9
1312 12
1312 15
1313 0
1313 1
1313 15
1314 7
1314 13
1315 7
1316 7
1317 6
1318 7
1319 7
1320 4
1321 4
1322 7
1323 7
1323 15
1324 7
1325 7
1326 7
1327 7
1328 7
1329 7
1330 6
1331 7
1332 4
1332 7
1333 7
1334 7
1335 3
1335 4
1335 8
1336 4
1337 7
1338 4
1338 7
1339 13
1340 7
1341 7
1342 7
1343 7
1344 7
1345 7
1346 7
1347 7
1348 4
1349 7
1350 4
1351 7
1352 13
1353 7
1354 7
1355 4
1356 13
1356 16
1357 0
1358 7
1359 4
1360 4
1361 0
1362 6
1363 0
1364 0
1364 7
1365 6
1365 7
1366 2
1367 7
1368 7
1369 7
1369 15
1370 4
1370 10
1371 0
1373 4
1374 7
1375 4
1376 4
1376 13
1377 6
1378 13
1379 7
1380 7
1381 7
1382 1
1382 3
1383 7
1384 4
1384 13
1385 14
1386 13
1387 7
1388 7
1389 5
1390 7
1391 7
1392 0
1392 15
1393 13
1394 7
1395 7
1396 7
1397 7
1398 15
1399 7
1399 13
1400 7
1401 7
1402 4
1402 7
1403 4
1404 7
1405 7
1405 13
1406 0
1407 4
1408 2
1408 3
1409 7
1410 1
1410 14
1411 2
1411 3
1412 0
1413 0
1414 0
1414 3
1415 0
1415 14
1416 7
1417 7
1418 0
1418 14
1419 4
1420 7
1421 9
1421 15
1422 7
1422 16
1423 4
1423 7
1423 13
1424 4
1424 7
1425 4
1425 7
1426 7
1427 4
1428 7
1428 13
1429 7
1430 15
1431 7
1432 0
1432 7
1433 13
1434 4
1435 7
1435 13
1436 4
1437 7
1438 5
1438 7
1439 7
1440 7
1440 13
1441 7
1442 7
1443 3
1443 4
1443 12
1444 7
1445 4
1446 7
1447 7
1448 7
1449 1
1449 13
1450 15
1451 4
1451 12
1452 5
1452 7
1453 17
1454 17
1455 4
1455 7
1456 4
1456 7
1457 4
1457 11
1457 13
1458 11
1459 4
1459 7
1460 4
1461 5
1461 7
1461 13
1462 4
1463 7
1464 4
1464 7
1465 7
1466 7
1467 7
1468 1
1468 3
1469 2
1469 3
1470 15
1471 4
1471 14
1472 3
1472 7
1473 4
1473 13
1474 4
1474 7
1475 9
1476 10
1476 15
1477 0
1477 5
1477 7
1478 4
1479 1
1479 3
1479 4
1480 7
1481 6
1482 0
1482 7
1482 13
1483 0
1483 4
1484 7
1484 13
1484 16
1485 7
1486 4
1486 13
1487 7
1488 4
1489 4
1490 0
1490 7
1490 15
1491 4
1492 13
1493 4
1494 7
1495 4
1495 5
1496 6
1497 4
1498 4
1499 4
1500 16
1501 4
1501 13
1502 1
1502 3
1503 4
1504 5
1504 7
1505 7
1506 4
1507 7
1507 15
1508 4
1509 5
1510 4
1511 7
1512 4
1513 7
1514 1
1514 13
1515 7
1516 7
1517 7
1518 5
1518 7
1519 10
1520 4
1520 13
1521 15
1522 0
1522 1
1523 7
1524 4
1524 13
1525 7
1525 13
1525 15
1526 4
1527 7
1528 16
1529 7
1530 1
1530 3
1531 7
1532 7
1533 4
1533 5
1534 7
1535 7
1536 4
1537 7
1538 7
1539 1
1539 3
1540 7
1541 7
1542 7
1543 4
1544 7
1544 13
1545 7
1546 6
1547 0
1547 15
1548 15
1549 4
1550 7
1551 0
1552 12
1552 15
1553 7
1554 1
1554 3
1555 0
1555 7
1555 15
1556 4
1556 7
1557 7
1558 0
1558 7
1558 15
1559 5
1560 6
1560 7
1561 6
1562 13
1563 7
1564 7
1565 7
1566 4
1567 4
1567 13
1568 4
1568 7
1569 4
1570 7
1571 7
1572 10
1573 16
1574 7
1575 8
1576 7
1577 7
1578 15
1579 13
1580 12
1581 9
1582 7
1583 7
1584 6
1585 0
1585 5
1585 7
1586 17
1587 4
1587 7
1588 4
1589 7
1590 7
1591 7
1592 4
1593 6
1594 0
1594 15
1595 0
1595 14
1595 15
1596 0
1596 7
1597 5
1597 15
1598 7
1599 4
1600 15
1601 7
1602 7
1603 5
1603 9
1603 15
1604 4
1605 5
1606 7
1607 1
1607 3
1607 7
1608 4
1609 0
1609 5
1609 13
1610 4
1611 13
1612 0
1612 7
1613 4
1613 7
1614 0
1614 1
1614 3
1614 8
1615 7
1616 13
1617 0
1617 5
1618 7
1619 4
1620 15
1621 4
1622 7
1623 15
1624 10
1624 15
1625 4
1625 7
1626 4
1626 7
1627 7
1628 6
1629 7
1630 4
1630 7
1631 16
1632 4
1632 7
1633 7
1634 7
1635 7
1636 7
1637 5
1637 7
1638 7
1639 7
1640 6
1641 7
1642 7
1643 4
1644 7
1645 0
1645 7
1646 4
1646 5
1646 7
1647 7
1648 4
1648 6
1649 7
1650 7
1650 15
1651 13
1652 7
1653 4
1654 4
1654 13
1655 4
1655 13
1656 0
1656 7
1657 7
1658 4
1659 7
1660 7
1661 7
1661 13
1662 7
1662 16
1663 4
1664 7
1665 7
1666 7
1667 4
1668 5
1668 7
1668 12
1669 4
1669 15
1670 7
1671 7
1672 0
1672 15
1673 7
1674 7
1675 7
1676 7
1677 7
1678 13
1678 15
1679 7
1679 13
1680 4
1681 7
