0 2
1 5
2 2
3 2
4 3
5 4
6 5
7 3
8 2
9 5
10 3
11 2
12 4
13 4
14 4
15 2
16 3
17 3
18 4
19 4
20 2
21 2
22 3
23 2
24 3
25 4
26 4
27 3
28 4
29 0
30 2
31 2
32 2
33 3
34 2
35 1
36 2
37 2
38 4
39 3
40 3
41 3
42 2
43 2
44 2
45 2
46 5
47 4
48 2
49 2
50 2
51 1
52 2
53 2
54 3
55 2
56 1
57 2
58 4
59 5
60 3
61 2
62 3
63 3
64 5
65 2
66 1
67 1
68 2
69 2
70 3
71 4
72 2
73 3
74 2
75 2
76 3
77 2
78 3
79 3
80 2
81 5
82 4
83 3
84 5
85 2
86 4
87 4
88 4
89 6
90 5
91 3
92 4
93 2
94 3
95 2
96 4
97 4
98 2
99 3
100 1
101 3
102 2
103 2
104 2
105 6
106 3
107 4
108 2
109 1
110 5
111 3
112 4
113 2
114 3
115 4
116 2
117 2
118 3
119 4
120 5
121 3
122 4
123 3
124 3
125 2
126 3
127 2
128 3
129 2
130 5
131 2
132 5
133 3
134 2
135 5
136 5
137 4
138 2
139 3
140 4
141 1
142 4
143 5
144 3
145 4
146 4
147 3
148 3
149 2
150 3
151 3
152 2
153 2
154 3
155 2
156 5
157 5
158 2
159 2
160 5
161 2
162 4
163 4
164 2
165 4
166 3
167 4
168 5
169 5
170 4
171 5
172 5
173 3
174 2
175 2
176 2
177 2
178 1
179 2
180 2
181 3
182 3
183 3
184 5
185 3
186 2
187 4
188 3
189 3
190 3
191 4
192 2
193 3
194 4
195 4
196 5
197 2
198 3
199 4
200 2
201 4
202 2
203 5
204 4
205 1
206 3
207 4
208 3
209 3
210 6
211 4
212 3
213 2
214 3
215 2
216 2
217 3
218 3
219 3
220 1
221 2
222 1
223 3
224 5
225 2
226 4
227 2
228 2
229 2
230 4
231 4
232 3
233 6
234 3
235 4
236 4
237 4
238 3
239 2
240 2
241 3
242 3
243 2
244 2
245 1
246 2
247 2
248 2
249 2
250 2
251 4
252 2
253 4
254 2
255 3
256 1
257 1
258 2
259 4
260 2
261 1
262 4
263 3
264 2
265 6
266 2
267 2
268 3
269 1
270 5
271 3
272 5
273 2
274 3
275 2
276 3
277 3
278 3
279 3
280 1
281 2
282 2
283 4
284 2
285 2
286 2
287 3
288 1
289 4
290 1
291 3
292 2
293 3
294 3
295 4
296 2
297 4
298 2
299 2
300 2
301 4
302 1
303 2
304 2
305 4
306 2
307 6
308 4
309 3
310 3
311 4
312 4
313 2
314 3
315 4
316 2
317 6
318 3
319 1
320 4
321 2
322 2
323 2
324 4
325 4
326 2
327 5
328 4
329 3
330 3
331 2
332 4
333 3
334 4
335 2
336 3
337 3
338 3
339 4
340 1
341 2
342 4
343 3
344 2
345 3
346 1
347 2
348 6
349 3
350 6
351 3
352 2
353 2
354 2
355 3
356 2
357 4
358 2
359 5
360 2
361 3
362 2
363 6
364 2
365 2
366 1
367 1
368 2
369 5
370 3
371 2
372 2
373 3
374 1
375 2
376 2
377 3
378 4
379 3
380 3
381 4
382 4
383 5
384 3
385 3
386 3
387 3
388 4
389 4
390 2
391 5
392 1
393 2
394 4
395 5
396 1
397 4
398 2
399 3
400 4
401 3
402 3
403 2
404 2
405 5
406 2
407 2
408 4
409 3
410 3
411 2
412 5
413 2
414 3
415 2
416 2
417 5
418 3
419 5
420 3
421 2
422 6
423 3
424 1
425 5
426 5
427 2
428 2
429 3
430 2
431 2
432 2
433 1
434 2
435 3
436 2
437 5
438 2
439 3
440 5
441 2
442 3
443 5
444 2
445 5
446 3
447 2
448 2
449 3
450 1
451 3
452 1
453 5
454 4
455 2
456 3
457 4
458 2
459 4
460 1
461 1
462 4
463 6
464 3
465 2
466 2
467 2
468 6
469 2
470 1
471 2
472 2
473 5
474 3
475 2
476 2
477 2
478 3
479 5
480 7
481 1
482 2
483 2
484 4
485 3
486 2
487 4
488 5
489 2
490 4
491 5
492 2
493 3
494 2
495 2
496 2
497 2
498 4
499 2
500 2
501 2
502 5
503 4
504 2
505 4
506 1
507 2
508 2
509 3
510 2
511 2
512 4
513 2
514 5
515 5
516 2
517 4
518 2
519 6
520 1
521 3
522 5
523 5
524 2
525 3
526 3
527 1
528 4
529 2
530 3
531 2
532 4
533 2
534 4
535 3
536 3
537 3
538 5
539 2
540 1
541 2
542 3
543 4
544 2
545 3
546 5
547 5
548 4
549 1
550 2
551 4
552 5
553 3
554 2
555 3
556 3
557 5
558 6
559 3
560 2
561 5
562 3
563 6
564 4
565 2
566 2
567 3
568 3
569 2
570 3
571 5
572 6
573 5
574 3
575 4
576 3
577 3
578 3
579 1
580 3
581 1
582 4
583 2
584 6
585 2
586 2
587 1
588 2
589 5
590 5
591 1
592 3
593 4
594 2
595 2
596 2
597 4
598 2
599 3
600 1
601 4
602 2
603 3
604 3
605 2
606 4
607 2
608 1
609 2
610 4
611 3
612 3
613 5
614 3
615 5
616 2
617 1
618 1
619 1
620 1
621 2
622 5
623 1
624 2
625 2
626 2
627 1
628 4
629 2
630 1
631 1
632 3
633 3
634 2
635 4
636 3
637 4
638 4
639 2
640 2
641 1
642 3
643 5
644 2
645 1
646 4
647 4
648 2
649 4
650 6
651 3
652 3
653 2
654 5
655 4
656 2
657 3
658 3
659 2
660 2
661 5
662 2
663 3
664 2
665 4
666 3
667 2
668 3
669 3
670 2
671 5
672 5
673 1
674 3
675 3
676 2
677 5
678 2
679 3
680 4
681 2
682 4
683 2
684 3
685 3
686 3
687 3
688 2
689 3
690 3
691 3
692 4
693 6
694 2
695 5
696 2
697 2
698 4
699 1
700 5
701 3
702 2
703 5
704 2
705 2
706 5
707 2
708 2
709 1
710 2
711 2
712 4
713 2
714 2
715 3
716 2
717 4
718 3
719 4
720 2
721 5
722 2
723 3
724 2
725 2
726 2
727 5
728 1
729 3
730 4
731 2
732 4
733 2
734 2
735 4
736 3
737 3
738 3
739 2
740 2
741 3
742 3
743 3
744 4
745 2
746 1
747 2
748 3
749 2
750 2
751 6
752 5
753 5
754 4
755 3
756 2
757 2
758 2
759 3
760 1
761 3
762 2
763 2
764 3
765 4
766 7
767 2
768 3
769 2
770 2
771 5
772 2
773 3
774 4
775 3
776 6
777 3
778 3
779 4
780 2
781 2
782 3
783 4
784 3
785 3
786 1
787 5
788 2
789 2
790 3
791 4
792 2
793 3
794 3
795 3
796 4
797 4
798 4
799 2
800 2
801 3
802 7
803 3
804 2
805 2
806 4
807 4
808 5
809 5
810 4
811 2
812 1
813 3
814 3
815 3
816 1
817 2
818 5
819 2
820 3
821 2
822 2
823 3
824 4
825 2
826 2
827 2
828 4
829 4
830 2
831 2
832 3
833 2
834 4
835 4
836 3
837 2
838 3
839 3
840 4
841 4
842 3
843 2
844 6
845 2
846 2
847 4
848 1
849 3
850 1
851 4
852 4
853 2
854 5
855 4
856 3
857 6
858 1
859 7
860 3
861 2
862 1
863 2
864 2
865 4
866 2
867 2
868 3
869 2
870 3
871 1
872 4
873 3
874 2
875 4
876 3
877 5
878 3
879 1
880 3
881 3
882 4
883 4
884 3
885 2
886 1
887 4
888 2
889 3
890 5
891 3
892 2
893 4
894 3
895 2
896 3
897 2
898 3
899 6
900 3
901 4
902 2
903 1
904 2
905 4
906 2
907 4
908 5
909 2
910 3
911 5
912 2
913 4
914 5
915 2
916 2
917 4
918 2
919 3
920 2
921 2
922 2
923 2
924 1
925 4
926 2
927 2
928 4
929 2
930 6
931 5
932 2
933 6
934 4
935 2
936 4
937 3
938 2
939 3
940 2
941 4
942 2
