0 0
1 1
2 2
3 0
4 1
5 3
6 4
7 4
8 5
9 6
10 1
11 1
12 7
13 8
14 7
15 9
16 10
17 1
18 11
19 12
20 2
21 2
22 13
23 13
24 14
25 14
26 11
27 2
28 10
29 5
30 13
31 5
32 5
33 4
34 12
35 5
36 5
37 1
38 9
39 8
40 14
41 4
42 11
43 0
44 10
45 15
46 15
47 4
48 5
49 2
50 7
51 5
52 10
53 3
54 10
55 11
56 16
57 10
58 7
59 17
60 14
61 4
62 15
63 7
64 7
65 5
66 5
67 5
68 14
69 14
70 8
71 4
72 5
73 8
74 9
75 5
76 0
77 4
78 4
79 4
80 5
81 10
82 1
83 3
84 7
85 4
86 4
87 11
88 4
89 7
90 15
91 9
92 3
93 5
94 4
95 13
96 13
97 3
98 5
99 3
100 5
101 10
102 5
103 5
104 14
105 18
106 8
107 7
108 1
109 5
110 14
111 19
112 3
113 10
114 14
115 17
116 5
117 4
118 10
119 1
120 11
121 2
122 13
123 5
124 6
125 6
126 16
127 15
128 15
129 16
130 4
131 1
132 14
133 10
134 5
135 1
136 7
137 20
138 5
139 5
140 10
141 1
142 0
143 10
144 9
145 13
146 11
147 14
148 15
149 13
150 4
151 7
152 5
153 5
154 1
155 7
156 14
157 7
158 5
159 10
160 6
161 13
162 4
163 17
164 1
165 7
166 1
167 1
168 1
169 17
170 7
171 15
172 1
173 4
174 8
175 8
176 10
177 1
178 9
179 4
180 3
181 10
182 8
183 11
184 11
185 3
186 7
187 5
188 13
189 4
190 4
191 7
192 5
193 4
194 8
195 2
196 0
197 5
198 2
199 10
200 2
201 7
202 5
203 11
204 6
205 5
206 15
207 14
208 7
209 14
210 19
211 7
212 3
213 11
214 10
215 14
216 1
217 4
218 10
219 11
220 5
221 10
222 5
223 7
224 4
225 5
226 3
227 5
228 11
229 5
230 11
231 8
232 14
233 18
234 7
235 2
236 4
237 4
238 13
239 7
240 5
241 7
242 7
243 0
244 5
245 5
246 14
247 5
248 5
249 3
250 20
251 14
252 11
253 7
254 9
255 16
256 5
257 5
258 5
259 13
260 4
261 5
262 10
263 2
264 3
265 4
266 14
267 14
268 11
269 5
270 14
271 8
272 1
273 5
274 14
275 5
276 4
277 11
278 10
279 11
280 5
281 4
282 10
283 3
284 10
285 5
286 19
287 15
288 16
289 14
290 5
291 10
292 2
293 0
294 7
295 4
296 7
297 3
298 20
299 10
300 5
301 7
302 5
303 5
304 10
305 1
306 5
307 18
308 8
309 7
310 0
311 1
312 15
313 5
314 7
315 1
316 4
317 18
318 10
319 5
320 7
321 5
322 5
323 5
324 0
325 4
326 5
327 4
328 7
329 7
330 9
331 5
332 1
333 11
334 3
335 19
336 8
337 11
338 6
339 14
340 5
341 1
342 14
343 11
344 11
345 1
346 5
347 5
348 18
349 5
350 7
351 10
352 8
353 11
354 5
355 12
356 3
357 7
358 5
359 1
360 5
361 12
362 5
363 14
364 6
365 5
366 5
367 5
368 5
369 2
370 14
371 5
372 1
373 3
374 9
375 1
376 5
377 5
378 10
379 14
380 13
381 14
382 4
383 10
384 2
385 19
386 9
387 1
388 2
389 2
390 5
391 2
392 5
393 4
394 1
395 14
396 5
397 1
398 1
399 4
400 17
401 14
402 1
403 10
404 17
405 7
406 14
407 5
408 4
409 13
410 7
411 7
412 7
413 10
414 7
415 5
416 1
417 16
418 6
419 7
420 10
421 9
422 1
423 15
424 5
425 7
426 20
427 5
428 5
429 8
430 15
431 9
432 13
433 5
434 14
435 4
436 1
437 4
438 4
439 1
440 0
441 5
442 19
443 6
444 2
445 7
446 4
447 9
448 11
449 7
450 5
451 4
452 5
453 1
454 4
455 0
456 19
457 0
458 5
459 1
460 5
461 5
462 17
463 2
464 1
465 5
466 14
467 14
468 7
469 10
470 5
471 5
472 5
473 3
474 10
475 5
476 5
477 1
478 7
479 18
480 18
481 5
482 8
483 5
484 7
485 7
486 14
487 0
488 1
489 13
490 2
491 7
492 14
493 4
494 14
495 5
496 5
497 2
498 10
499 4
500 5
501 5
502 2
503 2
504 1
505 10
506 2
507 15
508 4
509 1
510 5
511 1
512 4
513 10
514 15
515 11
516 5
517 2
518 1
519 17
520 5
521 14
522 4
523 7
524 4
525 15
526 11
527 5
528 4
529 14
530 19
531 5
532 11
533 5
534 7
535 14
536 14
537 8
538 4
539 14
540 5
541 5
542 8
543 1
544 0
545 3
546 7
547 2
548 8
549 5
550 10
551 1
552 7
553 8
554 7
555 7
556 2
557 2
558 3
559 5
560 14
561 4
562 11
563 18
564 5
565 5
566 9
567 7
568 7
569 7
570 13
571 7
572 18
573 7
574 15
575 3
576 5
577 4
578 7
579 5
580 1
581 5
582 14
583 5
584 11
585 5
586 1
587 5
588 6
589 7
590 11
591 5
592 7
593 7
594 10
595 13
596 1
597 15
598 5
599 10
600 13
601 1
602 10
603 7
604 14
605 10
606 17
607 1
608 5
609 5
610 11
611 7
612 15
613 7
614 7
615 8
616 2
617 5
618 5
619 2
620 5
621 10
622 7
623 5
624 10
625 8
626 14
627 16
628 1
629 17
630 5
631 5
632 10
633 14
634 1
635 7
636 1
637 14
638 11
639 5
640 5
641 5
642 8
643 18
644 10
645 5
646 7
647 14
648 5
649 14
650 18
651 1
652 3
653 5
654 17
655 7
656 16
657 10
658 7
659 5
660 10
661 11
662 1
663 14
664 4
665 4
666 11
667 2
668 1
669 0
670 10
671 4
672 7
673 5
674 1
675 10
676 1
677 7
678 5
679 6
680 15
681 10
682 11
683 5
684 11
685 7
686 17
687 4
688 1
689 19
690 7
691 14
692 17
693 10
694 2
695 1
696 1
697 10
698 1
699 5
700 11
701 1
702 7
703 11
704 5
705 5
706 11
707 12
708 1
709 5
710 5
711 5
712 1
713 14
714 0
715 4
716 0
717 0
718 1
719 4
720 9
721 12
722 3
723 3
724 5
725 4
726 5
727 3
728 5
729 8
730 7
731 1
732 1
733 1
734 17
735 2
736 10
737 0
738 0
739 7
740 2
741 5
742 10
743 15
744 2
745 14
746 1
747 4
748 1
749 4
750 1
751 18
752 19
753 11
754 7
755 16
756 5
757 5
758 5
759 1
760 5
761 4
762 8
763 7
764 5
765 1
766 14
767 4
768 3
769 5
770 5
771 2
772 5
773 5
774 3
775 11
776 10
777 5
778 5
779 10
780 5
781 13
782 15
783 4
784 14
785 14
786 5
787 4
788 1
789 0
790 7
791 10
792 5
793 7
794 10
795 2
796 1
797 2
798 4
799 10
800 2
801 4
802 4
803 7
804 1
805 15
806 17
807 19
808 15
809 1
810 7
811 0
812 5
813 1
814 1
815 1
816 5
817 11
818 4
819 5
820 14
821 11
822 13
823 1
824 14
825 13
826 14
827 11
828 2
829 10
830 1
831 0
832 2
833 1
834 3
835 13
836 13
837 5
838 9
839 13
840 20
841 2
842 11
843 14
844 20
845 6
846 5
847 14
848 5
849 0
850 1
851 4
852 2
853 5
854 11
855 15
856 4
857 7
858 1
859 18
860 5
861 3
862 5
863 10
864 13
865 1
866 8
867 10
868 5
869 5
870 3
871 5
872 4
873 8
874 5
875 1
876 1
877 7
878 4
879 5
880 15
881 14
882 11
883 14
884 1
885 5
886 5
887 8
888 0
889 5
890 4
891 1
892 5
893 7
894 11
895 2
896 1
897 12
898 1
899 18
900 3
901 13
902 7
903 5
904 1
905 11
906 1
907 11
908 7
909 17
910 2
911 1
912 5
913 1
914 9
915 14
916 5
917 8
918 1
919 13
920 5
921 4
922 5
923 1
924 19
925 9
926 10
927 5
928 8
929 8
930 7
931 7
932 5
933 14
934 20
935 1
936 7
937 0
938 5
939 4
940 5
941 11
942 5
